INGRESE LA DIMENSION DE LA MATRIZ CUADRADA: 4
elemento 0 : 3
elemento 1 : 19
elemento 2 : 15
elemento 3 : 20
elemento 0 : 10
elemento 1 : 1
elemento 2 : 2
elemento 3 : 11
elemento 0 : 16
elemento 1 : 5
elemento 2 : 9
elemento 3 : 13
elemento 0 : 17
elemento 1 : 7
elemento 2 : 4
elemento 3 : 18

         MOSTRANDO LA MATRIZ DESORDENADA 

        *********************************

        |3      |19     |15     |20     |
        |10     |1      |2      |11     |
        |16     |5      |9      |13     |
        |17     |7      |4      |18     |

        *********************************

O R D E N A N D O  M A T R I Z  P O R  B U R B U J A
====================================================

         MOSTRANDO LA SUCESCION DE ORDENAMIENTO DE LA MATRIZ 

        *********************************

        |3      |19     |15     |20     |
        |10     |1      |2      |11     |
        |16     |5      |9      |13     |
        |17     |7      |4      |18     |

        *********************************

        |3      |15     |19     |10     |
        |1      |2      |11     |16     |
        |5      |9      |13     |17     |
        |7      |4      |18     |20     |

        *********************************

        |3      |15     |10     |1      |
        |2      |11     |16     |5      |
        |9      |13     |17     |7      |
        |4      |18     |19     |20     |

        *********************************

        |3      |10     |1      |2      |
        |11     |15     |5      |9      |
        |13     |16     |7      |4      |
        |17     |18     |19     |20     |

        *********************************

        |3      |1      |2      |10     |
        |11     |5      |9      |13     |
        |15     |7      |4      |16     |
        |17     |18     |19     |20     |

        *********************************

        |1      |2      |3      |10     |
        |5      |9      |11     |13     |
        |7      |4      |15     |16     |
        |17     |18     |19     |20     |

        *********************************

        |1      |2      |3      |5      |
        |9      |10     |11     |7      |
        |4      |13     |15     |16     |
        |17     |18     |19     |20     |

        *********************************

        |1      |2      |3      |5      |
        |9      |10     |7      |4      |
        |11     |13     |15     |16     |
        |17     |18     |19     |20     |

        *********************************

        |1      |2      |3      |5      |
        |9      |7      |4      |10     |
        |11     |13     |15     |16     |
        |17     |18     |19     |20     |

        *********************************

        |1      |2      |3      |5      |
        |7      |4      |9      |10     |
        |11     |13     |15     |16     |
        |17     |18     |19     |20     |

        *********************************

        |1      |2      |3      |5      |
        |4      |7      |9      |10     |
        |11     |13     |15     |16     |
        |17     |18     |19     |20     |

        *********************************

        |1      |2      |3      |4      |
        |5      |7      |9      |10     |
        |11     |13     |15     |16     |
        |17     |18     |19     |20     |

        *********************************
==================================================

           MOSTRANDO LA MATRIZ ORDENADA

        *********************************

        |1      |2      |3      |4      |
        |5      |7      |9      |10     |
        |11     |13     |15     |16     |
        |17     |18     |19     |20     |

        *********************************

EL TIEMPO DE EJECUCION ES : 20.203 ms
