INGRESE LA DIMENSION DE LA MATRIZ CUADRADA: 4


        |21     |5      |3      |25     |
        |3      |18     |43     |49     |
        |15     |18     |5      |12     |
        |13     |22     |41     |26     |
O R D E N A N D O  M A T R I Z  P O R  I N S E R C I O N
========================================================

  MOSTRANDO LA SUCESCION DE ORDENAMIENTO DE LA MATRIZ 

        *********************************

        |5      |21     |3      |25     |
        |3      |18     |43     |49     |
        |15     |18     |5      |12     |
        |13     |22     |41     |26     |

        *********************************

        |3      |5      |21     |25     |
        |3      |18     |43     |49     |
        |15     |18     |5      |12     |
        |13     |22     |41     |26     |

        *********************************

        |3      |5      |21     |25     |
        |3      |18     |43     |49     |
        |15     |18     |5      |12     |
        |13     |22     |41     |26     |

        *********************************

        |3      |3      |5      |21     |
        |25     |18     |43     |49     |
        |15     |18     |5      |12     |
        |13     |22     |41     |26     |

        *********************************

        |3      |3      |5      |18     |
        |21     |25     |43     |49     |
        |15     |18     |5      |12     |
        |13     |22     |41     |26     |

        *********************************

        |3      |3      |5      |18     |
        |21     |25     |43     |49     |
        |15     |18     |5      |12     |
        |13     |22     |41     |26     |

        *********************************

        |3      |3      |5      |18     |
        |21     |25     |43     |49     |
        |15     |18     |5      |12     |
        |13     |22     |41     |26     |

        *********************************

        |3      |3      |5      |15     |
        |18     |21     |25     |43     |
        |49     |18     |5      |12     |
        |13     |22     |41     |26     |

        *********************************

        |3      |3      |5      |15     |
        |18     |18     |21     |25     |
        |43     |49     |5      |12     |
        |13     |22     |41     |26     |

        *********************************

        |3      |3      |5      |5      |
        |15     |18     |18     |21     |
        |25     |43     |49     |12     |
        |13     |22     |41     |26     |

        *********************************

        |3      |3      |5      |5      |
        |12     |15     |18     |18     |
        |21     |25     |43     |49     |
        |13     |22     |41     |26     |

        *********************************

        |3      |3      |5      |5      |
        |12     |13     |15     |18     |
        |18     |21     |25     |43     |
        |49     |22     |41     |26     |

        *********************************

        |3      |3      |5      |5      |
        |12     |13     |15     |18     |
        |18     |21     |22     |25     |
        |43     |49     |41     |26     |

        *********************************

        |3      |3      |5      |5      |
        |12     |13     |15     |18     |
        |18     |21     |22     |25     |
        |41     |43     |49     |26     |

        *********************************

        |3      |3      |5      |5      |
        |12     |13     |15     |18     |
        |18     |21     |22     |25     |
        |26     |41     |43     |49     |

        *********************************
==================================================

           MOSTRANDO LA MATRIZ ORDENADA

        *********************************

        |3      |3      |5      |5      |
        |12     |13     |15     |18     |
        |18     |21     |22     |25     |
        |26     |41     |43     |49     |

        *********************************

EL TIEMPO DE EJECUCION ES : 4.051 ms
